42 56 293 321 350 397 459 471 510 521 524 543 553 578 592 599 622 629 644 656 716 729 772 790
29 39 46 152 306 336 388 429 432 543 547 553 766 794 870 894 902
62 80 107 108 163 304 437 625 629 705 815 904 964
51 86 137 188 214 374 405 418 420 443 447 561 566 571 684 813 837 858
8 50 60 63 85 117 146 325 360 371 387 395 444 456 557 578 592 628 753 764 840 868 877
7 35 99 102 127 172 194 221 266 432 462 607 624
39 106 124 155 167 169 214 287 351 374 432 497 593 599 740 778 806 848 850 988 989
106 123 182 601 729 847
3 25 107 116 123 135 167 179 201 374 414 558 571 589 601 673 682 773 803 820 916
36 404 416 559 668
12 47 148 238 278 368 446 471 544 584 772 855
7 21 150 245 255 328 371 425 447 456 477 644 692 733 737 773 803 934 946 966 981
15 119 283 412 472 490 571 732 744 776 813 874 884 903 909
182 274 441 442 456 473 487 506 682 707 756 801 820 832 835
17 38 144 221 280 310 335 416 439 543 574 575 582 583 595 625 629 778 789 834 874
40 42 95 240 500 532 561 613 624 647 648 827
38 52 127 182 344 416 425 537 540 559 656 858
51 67 69 148 173 241 288 300 348 403 438 605 615 620 835 874
9 18 36 100 103 185 219 242 255 277 429 439 501 562 575 601 709 721 806 829
38 50 127 179 220 241 277 295 319 456 519 558 575 607 613 628 786 826 830 876 884 925 952
61 117 118 173 241 259 274 439 520 592 604 662 709 737 807 895 946
14 93 147 194 378 472 500 592 647 815 835 913 955
146 188 217 246 274 297 306 344 353 397 519 593 732 826
123 214 300 335 369 531 561 599 629 646 656 722 735 776 868 893
188 447 692 722 934
36 124 204 209 255 320 321 432 453 463 523 530 558 631 676 711 719 740 837 855 931
14 325 348 395 666 705 724 778 790 828 829 832 867 921
176 179 238 246 322 328 339 357 358 425 517 559 648 777 799 874 896
60 69 85 318 325 371 387 444 456 494 666 829 904 931
124 154 226 291 306 360 416 494 545 628 653 734 772 884 938
47 213 410 476 514 527 544 623 643 673 738 807 837 859
21 62 67 87 124 221 229 332 371 484 592 612 707 767 815 827
17 68 119 151 208 300 307 337 368 383 416 429 438 524 579 624 634 682 707 764 778 782 934 949
8 28 74 107 209 235 316 402 486 507 570 578 628 710 806 947 970
20 27 78 111 157 247 481 511 623 737 744 778 813 868 912 938 959
18 56 81 117 118 289 357 423 433 490 553 648 729 799 806 820 925 951
36 48 94 238 282 369 398 670 673 707 830 888
7 51 124 154 238 339 347 364 415 416 486 690 733 745 753 782 796 858
33 116 117 132 205 490 827 868 909 970
214 222 350 414 766 808 827 959
48 62 73 123 125 150 154 214 221 281 388 459 553 778 791 803 811
87 124 132 227 293 316 336 392 403 557 569 673 732 883 910
80 110 112 145 146 258 316 432 486 507 604 782 825
6 43 73 132 142 147 191 229 246 339 399 410 601 609 703 709
136 190 217 228 258 259 316 339 364 540 806 850 871 892
277 360 432 477 491 524 547 753 820 858 925 934 938 952 964 996
17 111 117 154 203 328 372 430 444 558 578 764 909 953 962 988
15 38 127 209 214 319 382 395 404 416 460 676 733 734 772 784 790 813 912 949
43 70 163 173 192 217 222 321 325 544 678 704 740 744 825 946
62 160 190 281 387 425 443 445 494 507 606 631 673 790 863 909 946 959
60 119 132 338 521 607 631 647 662 703
116 170 201 300 316 326 357 368 409 501 528 538 727 815 837
7 124 217 342 373 437 473 521 554 592 601 607 614 642 707 990
26 29 34 87 127 219 322 391 416 442 444 527 547 586 599
221 238 283 400 707 828 891 903 912 915
33 229 248 261 289 395 398 493 539 714 767 874
63 123 197 527 592 770 873
80 147 181 201 209 306 330 397 439 442 946
21 53 63 93 173 338 459 501 575 578 637
60 120 124 144 155 240 280 293 353 410 416 459 510 611 613 860 904
39 49 69 169 198 214 287 314 409 589 593 649 682 709 744 778 858 879 890 902 915
33 119 246 306 372 480 500 559 585 790 813 830
5 36 38 48 94 132 253 258 375 461 693 737 806 807 881
36 112 214 322 440 472 524 540 542 644 668 686 740 800 863
38 61 150 220 221 222 289 377 565 673 687 747 828
36 233 321 360 399 821 868
14 127 198 238 302 319 377 402 405 444 514 634 710 757 832 911 924
43 48 213 246 291 416 500 699 939
60 124 209 240 416 441 709 743 799
66 123 209 297 300 372 420 456 487 652 687 753 767 808 876 929
63 73 100 109 112 118 170 178 247 381 527 586 589 649 709 710 901
8 11 51 144 250 291 318 336 373 599 619 643 662 747 764 821 859 901 941 960
38 132 216 379 518 540 554 589 610 612 674 829 850
63 126 132 361 437 442 480 511 527 614 757 829 903
154 247 306 326 354 360 395 404 428 480 764 782 827
153 168 274 300 378 416 511 561 592 620 861 874 898
3 39 86 117 124 132 214 243 446 501 552 673 806 813 877
371 471 480
60 148 155 299 405 621 738 770 780 959 988
221 242 412
11 17 148 193 399 446 485 497 502 545 578 589 595 616 627 709 723 764 924
217 300 720 733 786 917
89 124 131 142 231 387 388 412 425 598 676 803 946
7 14 51 117 209 222 284 340 471 545 553 684 838 868
59 68 69 73 157 168 182 231 619 656 697
45 84 98 238 274 331 403 423 463 607 638 666 868
33 43 63 83 176 325 486 570 579 616 634 646 658 669 707 820 833 852 863 865
18 51 155 201 238 282 293 412 446 490 501 541 670 688 867 902
119 222 246 335 437 442 495 545 761 815 874 926
167 259 372 477 544 595 643 733 837 891 902
15 45 69 145 172 182 201 266 326 403 437 495 518 631 662 673 737 756 838 852 867 874
11 118 170 198 430 444 740 909 950
68 155 169 209 233 344 436 455 463 486 495 530 607 735
27 29 39 78 146 193 314 330 339 571 640 764 778 886
48 71 87 138 159 217 281 335 430 524 559 575 874 915
23 39 100 221 311 319 500 532 558 645 656 832 839
28 36 47 93 137 175 182 238 281 282 368 380 673 820 831
11 21 101 108 119 123 241 247 328 388 414 416 566 580 584 722 753 894 914
63 87 189 233 272 289 293 472 531 539 612 729
15 53 63 124 178 209 409 416 444 511 522 534 571 723 764 807 942 946 959
47 66 81 109 529 604 656 709 849 859 908
38 430 487 607 682 692 729 820
123 131 140 159 179 198 283 289 337 442 521 571 652 707 830
42 55 255 291 480 490 659 684 818 850
87 132 140 168 222 517 657 761 883 889
47 228 240 247 487 571 778 791 868
87 124 131 205 221 248 425 430 480 571 629 676 827 839 934
153 204 315 332 339 418 442 463 707 710 734 751 800 855
17 43 137 150 158 436 444 459 493 628 684 740 849 854
85 167 282 291 477 620 628 688 709 747 800 834
42 124 155 191 299 318 447 456 524 601 692 733 776 934
74 167 226 235 266 425 430 432 439 442 499 559 592 595 613 662 687 747 797 817 832 908 927 962
0 28 29 38 52 146 234 335 387 413 429 461 511 549 723 744 798 874 909
61 95 192 207 222 233 273 423 428 495 697 722 800
20 540 571 607 634 674 776
179 193 221 356 571 666 686 699 721 767 813 876 919
47 56 148 293 432 521 542 553 561 729
26 108 277 314 335 346 543 561 849
47 191 217 291 334 414 480 539 910 930
124 132 138 146 188 259 291 306 335 442 493 628 734 883
36 116 139 209 220 234 320 321 420 463 612 624 682 712 750
81 147 188 306 321 356 586 613 644 662 665 778 855 885
119 179 195 317 353 471 477 538 544 631 646 656 707 734 914
57 78 124 145 151 209 238 351 353 521 570 604 732 825 852 859 861
11 15 182 246 250 373 442 463 521 594 614 668 901
132 142 238 277 360 486 492 704 799 821
40 59 129 259 285 322 357 467 521 559 601 673 772 789 836 893 920 959
41 43 154 219 233 258 318 539 575 582 612 628 631 710 733 767
40 138 146 213 234 316 360 517 536 578 773 808 811 826
9 137 374 399 410 593 628 658 801 861 874 959
39 55 63 89 397 402 540 586 628 674 722 838 859 871 931
33 47 63 97 111 118 123 299 335 357 360 414 425 447 553 559 579 743 810 821 879 930
62 93 124 140 144 258 416 482 552 570 571 668 674 682 707 750 764 808 907 914
20 39 51 107 149 178 213 398 416 432 493 599 795 807
17 48 71 95 198 222 233 291 318 384 416 437 477 480 575 587 679 727 729 733 740 896 941 994
14 212 218 233 344 375 416 441 471 540 648 678 764 812
246 287 290 405 425
43 55 69 188 216 237 300 371 387 625 634 662 732 753 800
119 176 534 925 931 946
7 36 150 214 543
127 159 166 319 378 397 404 417 456 511 524 542 553 672 723 831 860 863 930 942 946
5 8 125 137 230 545 887 963
53 87 127 155 207 293 377 389 403 409 471 518 520 604 973
120 146 218 335 353 429 432 459 592 611 613 656 707 756 764 820 874 914
6 40 77 222 238 385 400 783
11 69 72 89 222 266 338 364 437 459 578 673 675 800 879
39 212 453 467 495 538 558 631 652
62 69 222 436 442 532 553 577 589 595 715 737 782 815 861 863 962
111 127 259 283 289 332 374 405 409 413 625 752 758 764 786 879 902 916
81 148 178 201 281 293 472 485 553 591 808 820 901
432 477 808
5 49 132 298 649 663 851 879 890 902 915
246 285 305 368 395 409 707 723 727 769 811 813
155 218 375 422 456 542 628 722 764 820
11 16 21 101 135 336 377 416 482 530 592 753 883 892 955
29 47 148 238 278 399 404 446 544 571 584 614 628
11 127 166 168 380 516 571 744
38 191 221 274 310 330 344 348 439 459 520 553 583 623 629 656 789 814 877
23 48 150 154 247 306 326 330 371 493 580 592 826 827 962 988
56 293 456 521 558 614 666 729 852 961
3 86 423 604 709 806 808 930
57 128 198 201 221 261 291 300 322 339 430 439 553 592 682 697 719 732 764 832 902 993
14 38 62 97 173 330 360 444 498 555 662 759 764 832 891 904
78 127 233 255 425 437 778
45 145 367 430 437 442 518 631 699 820 826 827 838 858
14 302 377 405 416 444 514 531 546 634 740 757 878 924
11 17 36 39 52 72 133 154 160 197 553 733 874 879 886 903 924 961 963 970 972
3 12 39 50 99 102 139 147 194 209 238 266 291 318 336 402 462 545 561 743 799
182 281 289 318 377 399 437 477 553 729 809 912
39 51 85 185 233 277 336 398 399 416 432 444 553 595 612 795
14 51 60 209 221 222 259 375 402 445 485 509 527 704 838 868
87 123 127 260 371 437 444 459 521 541 679 780 833 859 863 961 988
111 221 374 414 481 526 545 778 938 942
119 150 281 303 387 399 453 471 531 640 732 876 881 903 927
33 50 104 132 187 233 319 474 642 657 733 781 828 830 956
52 71 107 221 348 380 415 629 705 724 799 809 960 962
93 108 209 259 293 297 490 553 559 584 662 664 665 687 699 868 876
7 17 43 127 176 238 240 280 290 398 472 542 592 671 682 688 707 737 790 813 855 874 966
80 201 209 320 324 330 397 509 524 902 946
69 145 148 217 280 481 490 647 721 772
47 338 346 371 403 414 437 539
150 233 416 465 575 624 674 718 800 840
107 139 299 446 603 707 837
25 140 277 291 331 442 541 614 644 713 720 903
26 121 231 300 306 338 368 399 409 459 601 613 772 834 871
61 62 146 333 336 338 403 516 677 721 854
39 203 221 327 350 377 466 490 527 531 572 583 623 628 629 679 783 806 814 835 941
13 132 169 212 409 461 487 507 660 827 890
8 71 87 106 159 217 350 430 527 559 589 828 878
74 83 229 289 300 482 501 514 709 737 820
76 81 274 377 592 709 807 837 874 895 902
21 169 180 261 266 344 374 439 464 487 539 656 707 731 764 829 837
38 39 67 127 246 316 344 347 586 631 707 767 812 914
109 146 168 188 197 274 281 353 397 404 420 589 628 805 868
3 260 283 339 377 577 619 990
117 133 160 378 620 628 656 666 764
52 221 283 412 425 451 799 811 827 917 960
38 94 190 387 405 497 521 650 773 831 949
80 238 240 472 732 833 885
7 23 26 118 148 261 484 511 549 664 709 874 903 904 905 908
69 166 274 281 289 303 325 374 444 447 603 631 722 737 800 809 832
72 168 209 247 263 279 312 358 481 592 599 652 669 679 710 798 806 871 897
159 238 299 307 472 530 538 629 658 709 716 722 773 781 807 827 860
123 174 212 218 248 400 578 592 601 707 741 814 832 877 879 903 915 925
29 274 302 417 480 664 709
36 414 459 509 670 798 853 863 870
3 246 283 316 337 477 500 624 629 631 673 794
27 33 34 69 127 147 150 238 424 584 656 770
117 135 195 209 300 316 373 432 538 553 707 805 837 871 901
87 238 334 415 472 507 553 634 682 808 832 837 961
7 55 195 209 366 368 432 465 540 553 756 773 827 837
69 167 189 193 377 414 471 589 666 673 707 790 820 875 912
40 186 208 412 413 419 471 511 542 545 547 603 623 891 950 954
22 35 62 87 145 205 291 368 395 416 443 444 509 567 574 587 666 673 807 873 886 961
83 101 107 221 241 248 387 447 451 472 595 612 625 704 707 727 806 809
124 155 163 169 463 530 716 881
48 124 132 300 334 400 465 520 558 599 644 667 737 738 752 756 874 891 902 959 988
9 53 219 255 293 300 306 314 319 486 521 571 599 682 790 874 877 894
51 66 87 109 127 167 189 221 246 404 423 437 447 472 534
18 20 27 71 118 132 138 185 321 404 482 486 543 553 592 604 813 868 871 912 938 961
28 124 139 492 527 598 600 728 800 891
67 124 188 191 699 753 756
47 48 112 154 289 299 332 353 378 409 413 497 669 773 797 807 879 902 910
40 138 154 209 314 316 338 572 709 858 917
117 118 353 395 402 445 482 558 601 615 699 709 767 807 886 901 908 934
35 36 48 96 566 603 623 691 706 795
12 85 319 341 457 480 500 559 669 789 852 860
17 316 574
52 81 144 729 735
148 154 222 330 366 527 584 613 629 658 746 771 925
8 52 114 123 148 331 353 372 402 432 437 453 470 487 545 607 673 709 800 832 868 892 934 955
14 24 48 63 224 247 326 327 331 356 463 516 601 736 753 778 855
25 127 151 222 375 538 570 606 618 631 676 832 859
107 109 154 163 242 442 521 540 629 780 789
38 62 73 148 247 318 395 402 442 538 575 628 733 815 837 838
69 85 106 148 167 197 395 473 482 510 607 688 692 815
50 153 168 281 300 418 448 482 571 592 721 811 844 871 876 889 898
7 61 117 135 147 188 344 471 516 553 559 648 764 835 917
69 183 209 219 255 293 377 444 480 666 669 682 692 800 809 820 894
5 187 224 241 490 546 553 557 657 753 807 831 879 973
11 72 120 138 152 173 266 277 336 360 428 429 585 647 664 676 682 759 778 863 879
42 85 112 116 183 212 238 259 263 360 422 536 537 550 664 677 696 767 959
85 117 317 325 339 404 431 442 444 504 592 644 652 721 806 827
11 17 62 81 158 319 459 484 486 495 527 575 684 699 742 803 874 926
23 50 86 108 212 318 388 439 485 704 707 884 902
63 89 140 141 148 159 179 198 281 283 289 293 327 436 521 543 571 652 733 925
306 316 453 523 529 531 546 554 894 903 924
47 169 179 217 289 334 409 487 507 519 569 607 670 807 925
3 140 166 179 198 283 289 433 493 521 540 571 595 647 652 729 733 745
160 219 222 248 377
66 124 140 255 523 530 553 558 719 837 855 931
3 35 63 198 221 425 487 523 551 631 709 925
10 21 38 72 83 87 172 191 252 255 364 553 803 884
154 204 326 339 381 418 425 486 491 649 656 724 800 875
83 91 104 311 360 425 437 553 561 647 675 682 800 851
261 319 378 404 456 539 553 868 916 973
14 67 137 183 216 221 399 444 480 628 666 800 803 809 813
116 171 258 261 377 405 416 544 569 724 806
11 36 87 98 150 205 221 275 300 439 523 553 662 674 782 800 802 808 876 901
83 87 109 221 248 360 519 536 571
8 39 51 116 123 398 416 432 463 474 612 675 729 738 773 795 806
26 599 606 627 733 827 903
0 36 106 188 274 360 374 400 460 545 623 627 644 653 677 756 877
36 47 221 233 375 490 516 584 855 860 868 878
130 144 215 216 279 374 397 553 699 963
36 87 137 409 444 480 522 764 807 879 904 914 959 973
11 28 38 59 73 154 284 316 325 351 357 395 403 432 546 636 672 673 729 902 924
71 102 104 197 238 243 274 395 404 449 456 482 495 543 605 660 688 755 800 903
14 152 274 325 401 545 707 721 764 884
38 43 81 170 300 338 342 430 445 622 673 674 707 843
231 277 368 471 530 546 603 895
36 38 73 155 190 322 336 359 361 405 650 670 707 723 780 808 831 842
360 432 501 545 653 721 772 876 886
112 160 170 209 299 516 536 542 552 615 624 627 667 715 753 800 801
46 146 353 359 364 466 533 566 628 707 798 845
9 12 137 140 163 259 278 293 371 432 472 501 732
61 117 147 188 415 559 629 648 744 798
55 170 233 261 287 377 545 592 667 884
111 259
87 274 471 486 601 607
14 169 219 287 416 441 443 456 471 502 540 558 786 891
38 73 402 442 628
24 123 148 150 198 274 371 381 414 419 439 521 717 815 873 901 934
0 7 43 314 330 371 409 575 592 604 776 784 806 908
257 273 336 622
38 61 173 231 277 368 410 488 557 601 709 855 867 895 981
127 147 178 179 350 367 374 418 527 628 648 664 799
5 11 40 42 147 314 318 405 416 460 521 586 592 631 778 855 885 938
20 27 184 399 729 813 868 912
1 47 124 150 222 402 412 444 478 511 534 547 571 628 682 855 925
11 23 231 487 501 553 612 669 720 955
155 162 183 306 322 339 364 368 387 399 459 486 559 579 618 722
17 35 119 208 219 248 371 377 764 782 884
87 92 127 234 322 387 395 443 507 509 587 592 622 625 668 758 807 873 912
5 21 38 125 147 188 204 279 280 307 371 374 405 416 432 490 656 767
29 40 106 274 346 439 597 628 709 744 798
47 57 109 146 160 300 325 339 371 420 476 480 500 520 559 613 624 673 707 740 807 859
14 20 47 255 346 455 482 487 555 666 795 803
51 137 283 412 446 490 520 670 713 824 902 950
123 138 154 209 233 289 293 314 338 472 500 534 539 565 708 817 851
14 49 73 238 320 324 509 524 592 747
125 169 209 213 259 266 272 336 372 382 395 487 592 674 722 902
36 49 487 546 558 590 592 647 707 738 832 909 910 931 963
125 127 131 145 167 169 208 283 289 518 530 553 707 722 744
49 217 274 482 490 592 664 709 780 782 907
139 160 169 311 460 522 807 871
132 319 322 420 426 432 484 495 699 874 877 913
3 26 93 100 104 121 123 145 284 477 603 669 670 751 753 794
43 63 219 261 322 325 369 472 538 619 648 776 799 828 845 907 949 959
10 119 351 367 377 398 405 514 571 592 666
9 50 53 69 139 253 319 446 488 490 536 545 623 707 710 722 800 858 904
33 61 117 127 214 420 486 504 570 616 644 652 658 721 733 772 784 790 852 903 909
14 242 324 471 539 570 571 837 845 884 904 952
14 48 81 246 261 369 571 586 594 613 629 710 806 828 959
3 86 423
147 188 222 280 307 348 416 553 571 634 656 667 690 705 724 902 929 942
418 673
17 89 193 300 318 326 399 616 913
219 375 518 709 753 805 861
11 15 38 81 146 157 319 371 416 639 676 734 769 827
83 188 221 257 289 363 402 411 437 576 592 624 709
5 7 14 39 86 143 221 246 364 405 563 612 709 748
68 87 138 202 284 293 300 387 388 395 577 595 599 623 631 709 753 781 800 894 909 959 990
88 182 222 342 374 396 405 435 490 721 811 894 907
143 186 188 216 222 375 418 486 544 571 586 631 636 723
21 63 173 330 501 575 578 592 613 631 647 716 778 809 828 868
208 248 283 318 321 399 404 521 699 806 859
132 154 155 425 473 561 859 877
71 78 87 127 159 217 233 255 425 430 437 559 778 815
48 63 140 217 293 412 473 478 521 554 584 594 595 617 722 757 885 889
63 102 140 159 193 219 257 318 377 385 444 692 753 817 827
89 129 130 234 360 536 571 592 623 673 729 776 828 858 874 893 938 963
173 806
29 38 127 318 328 377 442 456 474 511 540 553 605 662 679 795 870 871 910
12 319 415 512 553 558 579 601 912 966
19 70 81 215 224 529 628 709 790 894 908
36 61 67 71 146 388 409 445 494 555 571 601 690 820 892
15 42 66 193 195 374 385 399 405 432 512 542 558 583 619 703 709 767 799 808
8 90 100 291 342 373 398 437 592 604 707 709 744 782 808 829
248 336 351 363 389 403 538 546 562 673 800 821
53 93 241 257 338 348 357 459 637 767 790 832 894
28 67 69 124 139 243 303 344 519 527 600 604 689 722 800 959
43 67 147 219 266 457 553 634 647 682 704 767 815 835 852
21 33 66 238 283 289 293 456 543 683 783 863
53 93 179 338 418 459 491 497 637 925 934 964
17 158 190 209 300 459 465 471 606 674 684
38 40 61 81 112 129 147 169 238 247 259 283 325 358 374 382 592 604 660 699 755 806 808 815 844 902
85 123 124 153 224 289 534 708 771 851 873 929 987
16 17 182 216 289 444 446 486 706 764 863 884 892 921
0 86 95 140 149 160 238 306 371 444 545 614 628 700 766 815 892 938
39 100 423 531 595 622 673 782 849 871 909
11 20 48 83 99 137 214 274 287 303 460 478 540 601 619 668 767 778 827 837 858
93 214 271 286 442 464 505 553 601 656 709 766 782 797 818 827
3 143 433 478 493 595 647 706 709 714 729
159 538 709 781
68 71 209 233 283 336 344 436 437 455 480 486 495 607 640 764 807 973
52 124 147 186 209 416 538 837 925
67 108 204 210 212 259 331 375 432 439 442 518 555 561 611 710 723 764 769 782 813 827 836 868 870 873 907
67 81 119 238 283 286 293 304 541 642 753 764 766 806
43 123 188 216 234 246 325 368 377 387 619 634 737 867
9 85 108 171 214 330 351 559 573 716 756 821 847
38 83 102 104 124 148 223 233 327 516 580 595 624 625 676 681 709 738 860 870 883
52 331 336 402 457 545 673 760 849
5 39 68 191 412 432 472 493 542 624 813 852 911
85 395 527 722 868 873 912 929 981 987
67 222 246 252 375 437 599 624 631 710 721 744 807 832 876
5 21 90 125 137 155 224 230 235 335 344 525 544 545 561 565 782 815 887 929 963
39 159 207 432 538 557 577 612 624 709 750 780 781 803 852
36 40 311 418 592 619 631 639 690 709 712 780 806 837 858 864 924 950
43 85 223 238 306 439 456 485 490 673 870 894
38 93 444 461 527 553 570 580 629 668 707
29 71 81 132 135 163 217 236 326 360 375 387 484 487 524 592 610 656 661 715 738
34 63 85 87 99 212 473 518 544 594 634 646 706 730 734 805
62 198 221 227 255 327 547 764 773 818 904 963
34 47 127 159 203 235 303 374 399 453 640 668 709 732 903 909
127 154 202 328 339 531 709 783 829 845 850 934
120 430 487 607 682 729 820
62 138 668 711 826
49 68 209 233 344 360 368 403 436 455 486 495 607 808 988
22 25 35 61 62 89 140 198 410 488 541 557 567 614 628 644 733
19 43 55 123 131 259 337 416 442 601 620 707 715 721 830 874 886 914 948 993
8 86 127 147 163 321 330 344 402 439 453 472 539 619 689 782 808 849 930 966
38 540 647 656 756 847
137 140 176 209 314 322 330 424 566 571 598
63 86 149 176 209 323 336 395 445 471 592 603 656 667 723 822 871 892 924
4 50 170 214 388 660 707 973
36 51 100 127 166 180 214 261 357 369 416 432 638 776 795
73 77 183 283 316 543 595 699 806
95 127 161 188 252 289 293 316 318 367 437 440 513 721 734 795 902
116 125 127 131 145 319 375 530 598 744
3 33 69 142 390 423 490 517 575 585 601 647 697 733 758 759 815 859
51 179 235 292 318 321 521 530 652 716 764 827 875
36 80 119 123 190 205 238 290 371 374 377 399 453 486 504 546 582 592 725 820 867
40 117 123 127 195 209 293 356 379 397 416 486 586 592 658 732 748 852 874
47 67 274 371 444 461 494 666 667
12 69 87 117 140 147 189 215 412 416 504 521 541 601 620 629 644 652 655 679 721
36 73 83 98 124 168 377 380 402 433 439 493 511 571 604 628 648 662 785 938
93 209 281 293 416 442 464 477 516 624 647 666 673 699 753 794 831 845 874
29 131 144 166 182 231 307 360 416 481 524 540 586 629 773
109 201 281 282 293 353 356 808 909 925
42 147 154 209 338 432 553 669 684 778 828 850 907
71 72 87 159 172 191 217 430 559 827
49 85 300 325 410 440 487 546 559 583 590 592 634 647 656 827 863 939 963
124 142 163 227 317 486 520 771 799 973
107 132 173 190 228 258 364 371 521 524 546 575 595 686 820
167 176 205 209 222 266 284 287 347 430 514 553 592 593 595 601
66 139 147 238 252 325 336 465 523 540 612 623 629 664 707 709 745 767 773 799 827 891
50 83 116 387 404 414 416 439 527 545 743 753 780 805 809 861 871 915 942 991
4 62 100 121 127 146 150 153 169 237 360 364 474 484 536 678 740 764 875
42 98 132 161 229 259 546 595 620 827 896 942 961 963
161 238 320 324 430 509 524 902 948
25 93 99 192 281 389 418 634 673 755
8 26 48 87 314 338 342 402 470 501 571 583 613 717 729 737 778 827 871 927 934
14 78 106 198 238 246 259 318 339 347 444 520 571 578 595 780 796 803
14 20 116 203 255 405 442 444 445 487 553 555 557 795 803 806 832 909 934 961 963
100 123 166 227 327 377 416 419 432 436 545 769 773 797 806 817
8 39 63 188 229 332 518 540 560 569 572 586 592 623 645 676 764 866
51 87 246 267 281 318 369 377 403 465 531 592 627 656 756 876 910 986
93 131 140 144 163 179 259 277 371 382 432 682 704
33 69 80 106 456 472 569 604 732 737 778 833 885
29 69 209 213 439 546 570 740 744 808 930 988 992
66 86 145 149 377 543 723 738 809 892 905 938 942
212 258 283 374 377 416 466 486 553 560 604 616 634 671 682 719 807 878 895 988
121 132 266 335 344 359 439 469 472 553 601 603 670 717 892 929 950 954
33 63 100 145 222 446 493 511 521 829
43 107 132 136 142 160 248 293 339 464 472 584 803 810
69 117 236 247 318 325 364 369 520 553 656 733 740 827 883 886 924
42 123 248 331 387 402 441 471 487 553 578 592 623 644 657 729 790 793 800 838 843
14 111 118 125 182 293 360 527 546 709 812
132 187 318 319 403 445 490 493 586 626 650 651 656 827 837 961
43 72 124 291 558 661 709 738 775 778 835 851 879
19 85 221 238 360 412 469 471 473 539 548 592 652 656 668 684 706 709 798 868 874 917
5 38 40 48 80 87 112 190 247 412 465 521 598 604 660 666 682 747 808 844 852
83 185 339 402 404 429 431 471 510 586 601 607 709 814 840 876 877
40 71 145 351 403 477 601 611 840
57 127 201 241 277 286 352 592 598 628 729 742 832 904 952
241 274 446 519 612 644 843 901
106 172 222 257 266 300 326 335 414 421 544 571 610 807
67 83 109 127 166 193 516 545 550 592 689 767 800
18 36 39 339 405 639 675 686 709 744 815 908
127 133 183 289 444 480 625 666 758 800 809 813 894 916
159 412 624 740 771
38 68 227 234 259 260 285 322 420 432 444 467 470 545 553 559 601 604 633 682 753 772 836 870 906
28 63 66 124 139 187 231 421 423 527 600 770 800
38 150 222 289 828
47 123 173 284 400 509 545 599 651 815
199 330 342 400 500 613 619 624 677 737 740 771 859 963
35 70 92 109 111 117 199 240 368 382 477 592 613 743 840
318 374 492 493 550 673 898
22 70 127 182 209 424 444 529 595 628 675 773 903
48 76 137 205 210 431 530 705 766 837 908
69 132 259 335 379 400 463 643 673 679 709 740 808 884 925 930
11 63 123 208 226 272 278 289 371 400 425 547 555 647 826
36 52 63 85 395 500 559 669
18 63 135 199 282 300 313 314 321 360 374 453 456 501 526 536 545 571 575 676 709 806
40 62 98 125 187 193 246 293 560 577 604 624 682 716 794 904 912
45 119 204 294 346 578 852
87 93 123 144 280 331 371 444 480 571 592 662 678 682 764 808 876 896 959
70 93 140 213 229 293 382 410 416 495 567 699 729 738 750 863 907 917
179 209 240 400 420 444 480 604 610 709 737 740 828 901
137 221 492 532 545 599
154 205 395 477 850
80 111 154 289 368 416 438 481 682 778 903
39 50 100 160 246 384 387 431 442 474 599 647 699 780 871 904
34 85 144 169 178 185 233 336 472 527 532 595 603 881 901
22 93 144 188 316 371 432 583 679 682 764 902
78 87 130 152 215 456 543 553 577 598 885 909 963 981
43 63 107 347 412 432 455 480 524 561 571 592 611 709 754 758 799 871
117 132 205 241 246 274 403 437 477 592 759 827 966
68 100 127 155 209 229 233 318 319 344 353 399 436 455 486 495 607 640 684 769 806 891 962 988
36 132 266 339 438 441 553 555 629 631 722
35 40 72 119 127 167 221 360 403 414 497 545 555 623 653 696 790 885
36 43 216 342 400 473 509 661 709 753 774 800 828 874 879
3 67 75 117 137 247 350 490 527 571 601 628 808 970
12 15 48 119 154 155 201 293 353 374 557 622 806
35 66 72 85 221 261 339 403 442 449 481 623 634 677 693 696 732 756 800
4 147 150 219 300 307 324 599 808 909
79 142 217 303 423 439 444 477 668 720 826
11 61 73 186 209 335 442 534 729
119 146 155 293 437 481 540 625 699 738 813 819 830
11 25 63 83 93 180 190 231 410 418 571 673 755 782 799 891
3 5 42 236 274 400 472 532 542 647 648 667 710 737 826 874
62 326 571 595 807 863
101 119 145 160 163 209 221 222 246 402 420 472 477 487 501 519 683 705 709 722 852
24 61 117 129 147 182 374 549 569 955 989
35 153 240
39 204 219 318 327 466 495 527 531 692 732 814 852
60 68 148 154 209 281 324 387 404 559 601 647 648 721 799 900 902 938
9 108 123 127 192 201 221 444 481 753 868 930
69 93 293 423 560 604 737 813 877
36 38 60 73 247 266 281 616 690 745 753 820 852 938
35 62 219 248 268 377 387 675 682 720 863 871 884 894
7 8 47 94 136 145 245 280 491 500 603 670 733 744 894 946 976 988
124 432 519 782 827 859
36 39 55 146 214 271 402 432 471 562 578 599 666 724 784 800 838 987
43 53 119 159 162 169 188 192 213 289 410 517 607 619 631 873 879 889 912
43 107 139 233 240 299 380 415 429 446 629 782
19 28 38 219 432 442 595 734
9 17 43 238 328 366 530 555 576 578 583 595 626 652 738
14 66 163 234 325 341 377 518 559 669 867 902
87 102 190 192 274 307 338 471 472 495 534 541 628 629 662 697 719 756 817 876
7 14 40 68 143 364 423 509 595 623 682 709 744 748 852 885 893 938 950
7 39 118 390 427 432 518 656 898
36 124 221 254 274 306 416 490 519 571 587 619 682 806 813 827 874
186 201 364 378 500 518 592 699 756 827 863 913
79 137 228 300 318 359 366 444 477 517 668 720 722 812 909 913 946 959
137 307 492 572 607 682 694 707 868 934 949 961
50 127 140 170 293 404 430 450 559 707 909
43 62 107 258 437 438 590 668 674
49 81 104 116 173 183 230 482 601 647 772 785 807 868 873 899
14 39 52 66 163 318 360 416 518 521 536 578 729 837 852 903
9 86 132 195 247 322 328 331 335 416 432 460 477 480 518 542 608 624 656 720 800 812 825 827 831 870
17 70 132 233 316 347 371 382 416 471 592 644 668 709 782 798 832 863
21 51 52 87 119 322 351 361 678 723 769 772 780
33 229 289 374 398 539 610 648 673 729 901 917 929 946
69 71 102 188 204 210 274 374 423 439 447 480 546 559 627 907 962 966 988
130 215 662 844 925 963
40 63 71 100 403 477 592 601 611
4 43 135 324 360 430 486 592 599 669 695 720 721 808
38 246 416 496 554 607 625 764 836 893 901
13 104 119 208 222 325 405 559 619
48 132 135 170 187 369 477 493 594 613 626 650 656 710
0 106 234 294 474 559 637 722 798
63 83 85 154 318 322 324 402 482 571 592 615 619 622 729 803 806
7 48 51 66 123 124 146 154 159 173 332 395 575 592 607 614 642 652 706 936
8 33 94 233 534 697 707 733 829 891 931
9 11 51 61 179 231 350 418 446 497 561 575 608 709 804 863 934 939 963
16 119 127 190 371 412 521 652 669 717 815 825 827 873 931
8 12 47 49 124 180 212 259 274 432 480 552 592 700 780 812
43 381 437 571 613 625 699 825
6 9 125 139 187 261 284 378 442 449 577 693 716 930 931 981
11 62 81 119 209 222 247 277 439 546 722 803 838 903 908
47 71 219 360 400 459 545 629 706 722 815
91 123 281 814
97 144 318 595 622 673 794 830 870
87 395 443 444 587 595 807
38 132 548 570 607 612 683 712 738 767 892 924
12 194 214 221 293 318 325 370 432 440 471 544 545 564 601 628 666 721 837 942 966
123 128 214 259 335 339 495 509 683 827 963
47 86 163 192 201 222 375 476 544 631 673 807
8 21 52 229 238 241 257 288 293 430 603 683 863 877 948
213 238 306 339 374 409 737 939
47 78 140 238 278 351 368 584 620 722 772 808 811 813
17 28 193 364 369 399 459 589 593 799 827
274 377 603 721 722 800
95 140 160 238 371 444 766
59 183 238 248 306 338 353 357 368 399 459 488 510 545 673 707 767 897 948
63 69 214
83 136 137 248 253 437 442 589 658 682 721 734 800 807 821
38 188 201 222 293 400 404 515 554
62 85 281 439 456 490 554 673
21 77 238 553 571 750 806 903 905
33 73 142 147 169 274 294 316 445 482 595 668 756 831 852 914
50 60 124 170 240 381 414 487 501 750 756 818 973
34 87 127 166 293 416 441 456 487 516 586 599 620 707 737 756 783 801 817 832 939
39 51 209 258 279 299 344 415 429 592 604 624 797
416 481 647
47 68 85 195 209 246 374 432 474 476 486 544 546 553 607 673 753 807 820 875 901
8 63 221 233 259 402 485 488 601 690 704 707 733 879
209 293 360 456 553
17 316 644 782 832
57 151 234 432 493 570
14 42 51 70 104 154 205 208 231 238 325 334 366 414 415 419 432 465 572 740 813 838 868
20 117 124 170 188 246 326 395 446 518 532 592 750 881 946
0 28 236 248 309 326 360 374 375 412 416 421 545 570 613 639 803 902
47 151 193 318 324 400 403 447 456 545 570 676 692 815 859 861 867 905 934
202 284 335 447 578 629 709 829 934
173 183 230 402 487 501 612 669 707 730 825 988
38 40 247 604 660 808
83 86 245 260 360 402 432 492 501 536 558 564 582 592 620 682
107 241 447 472 488
20 27 438 629 813 868 912
86 160 166 168 399 416 432 472 497 521 634 648 732 743 769 926 969 981
29 93 179 194 195 215 370 537 563 578 769 878 914
60 124 190 240 395 416 555 561 611 679 709 737 743 756 769
73 150 306 319 440 486 721 790 867 877
69 81 168 234 326 337 412 422 524 571 579 666 758 764 807 909
63 238 320 324 442 509 520 524 640 713 902
214 300 369 709 722 735 776 781
49 329 577 667 709 723
55 140 238 575 607 669 717 847 992 995
12 117 182 210 261 306 317 318 377 387 477 480 482 493 688 724 751 925
7 38 63 86 140 207 245 357 549 591 644 673 733 781 783 863 912
29 119 179 219 271 274 342 445 484 497 507 518 686 690 709 730 815 827
83 124 133 201 209 240 253 337 442 554 557 807 831 874
48 62 73 154 221 446 613 778 879
23 61 220 221 231 247 325 377 518 565 592 673 687 709
17 326 502
474 607 820 875
63 89 123 127 139 201 357 387 403 446 507 541 543 558 595 863 886
277 293 337 500 514 545 561 577 589 656 715 861 874 938 962
99 102 139 194 221 266 277 462 472 502 790 800 879
8 28 222 293 299 399 521 553 624 703
127 160 190 238 281 325 374 377 486 495 504 606 694 721 790 820 829 946
53 87 123 191 283 333 444 543 583 629 674 722 743 874
119 124 127 142 145 179 183 222 403 425 442 471 493 523 569 623 731 738 745 761 764 896 926 966
28 43 61 70 173 192 222 416 544 578 601 607 625 629 644 840 891 901 942 946
38 107 190 231 328 405 595 603 650 707 740 831 837 852 874
12 83 221 281 363 395 437 540 576 595 612 624 709 800 807
11 28 51 93 132 350 371 374 405 548 550 575 592 662 667 917 959
39 61 142 190 258 281 299 340 592 604 610 692 707 795
29 39 87 139 155 182 300 306 319 397 444 486 567 601 628 722 744 790 877
63 85 140 220 358 368 381 414 416 487 496 571 644 722 756 757 815 836 859 885
14 20 96 118 171 190 191 480 555 732
49 62 148 233 374 553 574 676 751 794
275 439 617
45 48 78 83 127 157 167 387 437 527 631 733 772 784 790 904 912
377 405 526 549 638 707 731 808 891
12 73 83 127 238 325 336 416 446 527 559 709 780 809 847 925 933
530 832 863
7 19 33 42 48 51 69 106 119 154 238 247 306 456 532 539 569 604 764 778 904 931
25 48 69 117 137 236 520 592 744 837 858 883 924 959
48 93 127 178 221 234 289 439 709 720 764 813 876 877 894 925 973 988
62 283 399 403 486 524 699 707 806 807 827 881 904 938
12 93 127 241 523 527 574 737 753 804 851 873
26 43 179 221 259 318 377 402 403 456 485 487 529 540 553 679 704 908 910 914
39 132 145 147 192 198 339 368 601 604 656 682 707 721 808 815
39 43 69 271 293 397 599 651 668 709 721 829 904
71 182 292
123 167 306 331 437 443 471 613 622 676 705 770 884 909
10 25 124 142 168 229 274 359 374 540 558 584 628 707 786 826 845 938 992
5 21 26 28 125 182 204 279 291 293 405 420 432 442 484 490 571 713 737 767 811 894 903 925 927
444 510 553 577 619 623 647 715 721 790 806
28 238 300 353 429 488 510 601 707 767 840 897 948
26 108 127 277 293 314 346 368 400 444 541 543 670 849 904
63 90 119 160 193 360 511 612 644 647 668 799 871
17 83 87 197 246 524 555 686 829
103 293 319 350 433 437 456 471 543 558 575 592 601 613 694 722 730 740 786 800 807 826 907
28 71 127 238 284 403 546 606 607 618 638 669 729 747
4 29 142 293 377 490 497 553 571 747 896 909
33 59 68 209 400 412 441 442 485 486 675 709 799 844 860
38 150 178 219 246 352 405 420 443 528 566 568 662 732
81 152 153 170 274 286 304 307 321 405 442 463 531 545 642 673 709 734 863 864 870
63 72 198 286 405 497 526 549 575 638 642 663
319 397
124 175 216 221 316 485 523 529 586 743 803 871 909
28 95 222 248 336 471 490 611 738 746
31 52 112 121 124 150 221 299 565 601 799 804 960
109 231 285 322 412 467 558 559 601 603 709 772 836
66 145 418 448 543 571 738 903 905 942
63 80 169 238 377 472 495 567 931
16 21 89 127 357 387 403 540 541 543 558 572 592 595 673 709 756 827
26 71 238 330 403 607 638 716 747
6 99 126 128 157 231 338 478 565 601 613 623 767 778 909
73 132 191 246 449 501 545 582 885 986
99 146 478 547 553 559 601
12 61 69 119 215 266 354 368 428 480 509 634 697 764 782 808 871
197 198 281 283 336 344 455 520 521 638 782 800 808
170 371 521 709 717 723 815
35 69 72 118 146 221 222 298 325 375 403 442 623 631 690 696 761 799 828 832
219 222 248 272 295 375 377 586 631 808 832 871
47 127 131 240 289 382 447 487 575 628 704 710 778 782 791
63 209 293 360 377 497 514 553 619 778
62 136 300 341 412 541 547 559 628 674 778 808 930
168 209 477 553 634 669 682 773 806 988
11 36 47 61 147 174 209 306 477 648 656 670 675 722 799 908
3 32 68 101 142 149 231 336 381 432 571 764 809 821 837 855
8 68 99 140 222 233 281 293 389 416 543 560 718 800 813 835
36 134 150 214 353 399 404 437 625 729 963
83 246 277 291 331 403 545 667 687 707 720 829 832 884 949
72 132 139 236 247 248 336 360 374 400 437 450 481 592 657 697 863 868 874 931
87 123 127 186 335 412 459 490 730 800 808 815 840
61 80 115 181 190 209 330 340 592 598 610 656 707 795 903
150 287 378 472 502 514 523 603 782 790 808 891
28 233 284 300 403 416 482 501 546 718 729 799 800 848
38 60 68 137 168 170 263 338 404 427 493 624 669 674 732 813 876 973
61 87 172 221 246 280 385 522 610 631 679 733 809 829 868 927
3 15 38 148 155 199 201 293 409 531 644 647 721 735 764 813 856 904 908 934 954
94 126 157 213 222 249 372 416 545 778 949
28 55 71 118 222 306 325 430 545 572 706 721 869
9 43 93 147 423 623 670 727 775 837
51 128 221 266 318 330 420 456 722 886
39 116 145 436 673 759 806 832 894 904 958 961 963
34 36 87 101 247 294 374 453 486 493 502 509 577 634 729 806 830
17 39 287 368 400 444 469 511 518 521 534 585 592 595 619 643 782 870
217 374 422 542 557 683 722 806 842
17 38 248 252 374 418 432 438 461 478 482 493 521 561 599 613 690 771 790 800
21 71 87 209 272 281 297 381 414 453 463 687 863 876 894 929 943 962
148 203 395 472 473 753 767
94 236 387 416 521 559 619 625 631 773 798 817 843 949 963 994
8 148 179 331 437 470 519 553 607 674 825 903 917 925
48 50 62 73 86 154 155 221 490 545 558 613 743 778 781
19 70 215 470 790 894 909
61 192 222 233 273 283 322 423 428 472 542 722 800 807
11 527 613 647
0 23 68 95 139 140 160 163 178 238 274 378 439 444 511 523 561 566 601 613 679 753 766 861
19 42 51 97 118 139 144 289 318 371 383 415 512 595 622 738 794 830 845 870 981
4 259 339 472 599 601 744 840 852 868
19 70 106 120 132 160 215 231 595 620 790
124 338 346 371 433 493 511 539
472
39 62 67 144 257 281 326 364 456 486 832 863 914
24 116 117 147 182 334 456 569 676 855 908
14 189 325 378 401 500 571 592 707 721 764 767 907 913
29 77 126 432 472 521 542 545 552 667 734 767 855 899
83 86 123 209 241 246 248 346 397 414 429 463 540 543 584 659 722 903
63 161 168 238 297 325 334 366 402 415 459 661 666 668 809 852 888 961 966
43 83 147 246 286 371 383 486 668 687 806 812 829 912
102 140 318 377 385 827
115 234 325 371 377 592 863 867
4 40 49 91 103 124 142 197 208 248 281 396 416 497 559 739 795 946
47 129 132 346 455 472 480 482 555 666 729 884 981
38 255 377 456 471 624 673 817 851
36 118 119 199 282 313 662 669 784 825 827 829 849
5 38 43 97 127 162 188 212 319 444 529 545 699 783 894
33 52 142 147 188 238 247 274 281 348 371 395 482 604 629 888 923
3 20 36 52 63 81 144 459 472 670 682 729 735 778 808 811 863 877 884
11 118 281 325 414 509 761 798 828 853 870 930 938
14 51 62 63 69 117 493 520 639 740 832
109 155 162 302 322 339 480 592 628 679 707 722 738 782 821
19 62 70 127 155 189 207 215 289 403 517 518 571 607 678 764 767 790 894
61 67 266 319 360 484 490 495 509 565 640 697 699 834 874 892 894
69 164 167 201 266 432 472 493 495 502 686 737 840
1 3 90 154 163 202 222 300 372 435 437 446 465 510 606 629 647 674 709 764 765 798 805 829 874 934
14 48 129 147 166 360 471 478 538 559 628 667 706 709 729 737
9 119 148 167 170 234 266 299 327 402 430 436 521 554 595 778 790 925
121 185 197 277 480 485 548 550 568 592 799 812 831
124 135 255 316 425 530 558 669 719 837 855 931
43 216 289 319 432 444 676 699 707 783 863
38 88 222 369 374 403 405 422 435 464 490 722 797 831 894 907 917
85 93 145 184 412 510 643
155 261 318 364 480 527 571 586 613 647 782 828 905 926
8 50 117 335 402 405 447 496 569 578 625 673 753 877 883 910
66 85 100 230 364 544 677 818 873 929 936 987
61 72 100 277 404 442 500 546 613 624 709 713 782 800 859 879 900 903 926
28 188 442 491 493 662 674 840
69 117 154 281 416 540 543
9 28 116 163 178 416 430 487 534 546 607 631 682 692 707 721 727 729 820 839
4 38 247 416 437 534 791 803 845
3 38 119 154 210 240 247 306 377 415 490 553 724 858 889
42 85 148 188 217 222 274 280 325 339 353 397 521 625 636 825
170 246 316 357 524 631 634 704 744
49 94 136 242 491 502 683 751 820 852
68 272 300 400 465 486 547 555 606 675 844
47 67 243 485 502 666 689 721 811 829 854
63 146 163 192 318 387 491 495 520 571 625 640 697 800 809 905 925 934 938 964
9 456 509 521 527 545 571 589 667 674 732 790 883 914 938
200 351 443 495 567 578 592 675
51 62 182 242 281 307 442 506 574 676 682 820 845
172 221 249 541 783 907 950
3 5 18 29 39 86 124 198 289 416 423 531 566 601 647 668 806 813 971 973
215 242 277 291 473 521 562
12 38 202 300 382 583 700 732 813 902
24 33 42 50 66 170 207 364 507 532 625 648 909
189 405 432 668 676 707 925 934
85 121 127 146 432 571 609 721 753 806 903 927 973
34 81 167 171 284 335 447 453 531 554 578 709 730 946
21 108 111 123 168 183 241 317 360 501 545 584 653 933
190 274 378 402 494 511 561 741 764 861 913 962
405 429 442 445 553 557 857 912
48 69 132 145 146 154 203 209 297 298 441 442 480 583 687 769 799 837 876 904
68 151 200 209 221 222 383 402 495 501 523 580 624 682 708 729 764 800 831 921
36 89 453 502 578 592 628 709 733
39 154 242 247 274 306 326 412 437 559 571 663 769 782 827 884 961
7 29 147 397 545 552 601 667 707 734 782 814 877
27 68 83 166 209 233 314 330 344 417 436 455 486 495 571 607 672 831 860 886 955
12 36 182 205 629 706 767 827 839 914
89 129 193 592 716 729 756 776 827 858 874 879
51 83 122 132 217 221 321 363 437 521 550 554 576 603 624 667 709 937
71 102 152 221 289 432 433 442 492 509 532 599 709 903 958 988
39 48 50 91 189 206 227 319 374 487 607 718 891
38 42 203 216 336 543 550 714 753 871 885
63 93 293 326 332 362 409 413 483 507 586 624 699 721 817 902
28 29 152 159 252 254 336 409 412 429 472 501 601 815 820 840 849 874 914
3 28 60 93 104 111 169 179 316 451 487 488 523 539 629 730
36 62 67 87 150 214 257 326 348 360 371 448 500 682 686 813 863 868 962 966 988
3 40 52 119 322 339 351 404 431 442 518 679 772 807 822 845 858
3 8 90 187 222 255 400 469 595 690 771 813
101 117 124 132 212 223 318 490 696 790 808 831 842
85 124 131 188 242 317 330 331 410 425 592 609 676 683 709 756 806 809 820 868 871 903 973
14 40 127 144 195 204 286 352 356 397 486 592 682 742 748 764 807 874
28 51 85 108 123 300 316 356 387 553 673 769 813
62 117 166 192 231 238 319 360 595 699 873
7 85 87 145 185 193 247 295 318 403 416 509 718 855 867
87 119 132 271 420 442 444 492 520 558 561 656 767 819
60 300 306 375 445 488 529
118 241 259 300 374 432 576 662 667 849 946 961 962
21 35 51 189 259 414 429 453 464 586 780 782 894 903
38 117 123 154 159 233 350 504 541 592 644 652 666 721 722 764 854
0 68 69 116 117 123 281 316 416 463 666 782 829 951 963
127 339 340 405 493 497 526 549 638
233 287 466 518 647 705 973
25 76 127 142 227 289 306 318 538 601 606 613 618 667 806 827 837
71 119 146 182 414 418 420 463 494 592 606 697 750
43 106 127 140 184 285 289 354 439 529 595 603 610 625 678 758 913
3 100 143 299 464 496 500 531 589 595 670 679 733 769 806 896 927
187 222 377 495 510 567 674 790 798 912
127 208 371 416 463 547 696 730 929
13 17 74 83 132 147 212 344 387 389 416 461 472 482 545 592 771 790 800 808 827
0 5 28 42 60 188 200 240 416 545 639 676 790 863
99 118 195 209 241 259 261 283 432 438 478 553 601 657 662 753 767 901 946 962
69 87 217 221 442 465 487 544 628 752 756 767 855
117 285 432 515 558 608 699
179 222 340 519 536 607 612
39 133 169 214 222 277 287 291 331 517 593 663 707 720 778 943
19 146 148 198 199 221 293 327 399 436 491 511 646 662 722
26 50 154 205 231 246 316 330 348 572 631 716 741 769 821 909 913
116 318 319 405 611 710 724 806 840 915 959 992
116 132 174 205 266 368 512 528 538 553 727 764
24 62 106 148 209 248 289 333 338 350 412 486 490 497 584 637 796 837 879 891
36 51 67 69 123 348 461 471 540 690 925
19 135 231 247 402 416 419 481 493 495 539 561 592 832
50 78 89 233 326 422 543 553 571 577 598 673 743 807 883 938
229 252 316 326 344 364 402 404 414 491 524 601 634 656 675 699 767 822 849 925 954
154 221 259 328 402 485 531 704 709 752 783 850 908
38 163 236 326 360 382 414 471 545 709 745 773 799
74 83 87 123 132 146 272 348 353 414 493 612 618 682 709 737 790 800 832 894
161 168 297 497 502 578 584 627 709 764
46 61 69 85 135 161 273 315 464 518 545 549 559 565 675
3 215 278 325 364 397 424 486 511 629 716 772 827 917 950
281 571 572 607 740 783 826 828 870
40 87 102 118 221 233 248 446 514 631 681 738 806 855 859 871 883 925
61 159 248 348 540 592 673 756 852
10 40 123 137 163 217 227 259 293 325 367 377 416 470 545 729 742 744 773
68 153 228 319 592 613 803 901
88 360 493 601 629 631 703 789
60 67 137 168 416 444 461 478 601 669 674 767 840 870 876 931
112 163 192 212 241 344 395 480 592 603 613 631 737 764 767 961
155 246 454 472 486 490 628 629 658 732 781 782 805
152 360 371 405 439 759 806 931
7 11 51 61 73 132 255 359 364 566 628 629 670 707 738 798 800 835 859 941 966
7 13 135 147 447 520 524 595 601 615 656 707 723 782
14 33 69 106 124 201 261 281 287 289 722 870
108 143 246 266 293 360 402 438 571 612 808 813 874 886 966
350 412 444 494 601 613 656 730 800
150 154 201 351 592 594 617 703 826 876 916
61 85 112 118 129 169 221 238 291 302 339 374 444 545 549 577 586 592 710 989
0 100 123 178 197 209 238 360 387 552 557 601 619 624 729 743 800 901 917 924 950
55 69 237 625
255 289 402 432 524 539 571 684 783 800
14 34 66 92 241 281 322 370 375 416 432 477 592 622 652 794 806 837 847 855 907
51 63 160 176 255 307 353 399 422 440 471 488 492 542 553 603 648 654 656 667 722
8 188 255 316 395 404 493 519 628 902 912 962 966
28 55 109 281 300 319 353 455 524 592 622 662 827 907 909
7 28 48 119 123 203 333 338 353 395 484 510 703 738 809 818 893 938 948
137 263 405 471 503 545 773 827 881
10 40 146 198 217 221 259 293 325 367 399 432 470 646 742
11 36 272 300 456 647 674 802 901
154 247 300 306 326 409 429 772 827 834 857 871 912 941
8 107 111 117 135 154 380 388 415 550 592 629 721 807 812 871
3 18 83 171 247 300 325 350 353 391 405 411 471 497 526 549 638 894
62 69 145 192 238 242 247 338 341 389 516 538 559 683 734 737 756 930
15 108 148 190 330 331 472 611
390 409 592 890 904
69 93 94 353 423 642 662 737 877
49 127 135 229 240 444 456 540 649 798 879 890 902 915
68 112 148 197 198 246 336 344 397 423 455 532 546 723 753 782 813 827
42 43 95 282 283 306 371 409 428 471 553 601 644 740 783 790 835 838 894
90 130 299 335 541 582 759
17 57 255 482 548 628 640 778 817 858 959
61 155 209 221 267 297 360 402 439 456 591 662 687 706 732 820 876 884
78 80 127 201 285 442 571 715 807 871 874
12 123 142 395 471 493 571 577 592 595 612 619 761 807 921 925 931
29 39 246 553 601 628 631 682 709 721 732 753 795 815 824
61 100 274 404 546 709 782 800 900 926
28 107 209 418 432 478 561 578 613 806
9 36 123 339 395 419 592 598 718
8 155 159 316 491 538 545 578 699 709 715 722 781 795
104 148 326 530 553 616 733 740 755 764 772
73 195 238 319 326 329 368 403 412 430 721 731 737 813 828 847 902
8 11 21 154 215 402 416 553 583 592 729 753 827
3 87 148 209 297 446 487 545 733 743 786 871 876 929
86 127 155 238 241 277 282 324 439 501 541 568 952 954 981
1 68 89 120 319 472 521 533 674 715 863 871 879 910
61 62 83 146 221 238 273 336 363 437 514 576 624 709 783
12 36 63 192 277 339 387 413 464 511 561 592 652 662 705 710 818 877
5 29 63 80 89 123 472 622 709 732 737 833 885 939
219 231 350 360 415 437 456 558 592 682 806 870
78 375 530
16 18 45 80 118 150 154 425 439 482 490 492 517 553 568 590 667 679 771
20 63 81 117 130 170 217 400 490 532 589 622 647 682 707 737 740 808 877 881 946
14 47 69 160 178 274 318 326 416 440 462 601 613 703 707 798
71 100 146 237 326 377 747 800
17 163 238 259 283 320 324 384 432 509 524 527 592 667 707 719 729 744 840 902
83 147 286 571 806 812 955
63 71 97 111 118 238 325 360 403 425 574 607 638 676 747 761 828
28 34 147 159 290 398 416 447 456 477 518 544 646 671 682 692 734 878 934 941
102 121 233 238 327 403 531 571 577 681 738 883
138 219 459 527 599 613 619 722 729 740 750 771 835
189 304 390 405 409 668 829 934
132 145 187 188 238 247 274 281 306 348 493 558 604 626 629
40 413 471 545 547 553 649 879 884 890 902 915
36 45 69 81 130 316 427 481 523 598 666 709 827 870 901 961 963
11 14 111 248 472 485 490 511 584 592 709 778 855 860 877 879 880
79 85 106 146 163 167 182 277 318 337 387 477 547 571 592 607 625 808 878
50 68 202 233 234 326 350 374 395 422 494 631 656 743 781 807 909
36 219 420 487 501 510 599 612 669 712 826
48 93 147 155 215 243 283 360 459 484 524 647 753 815 835 952
45 86 90 123 209 228 322 324 360 385 492 523 543 553 592 613 631 676 732 803 874
36 49 135 170 209 287 289 400 477 487 546 590 613 647 653 800 820 941
43 49 62 603 667 668 674 729 764 877
49 360 368 403 808
87 124 154 161 222 259 297 404 520 558 584 767
73 86 100 171 215 227 403 521 676 778 796 871 950
8 66 95 148 192 289 400 592 627 737 800
12 43 76 117 123 138 209 234 318 387 426 480 610 628 773 821 901 908 925
4 78 83 169 331 364 402 612 623 657 729 740 800 930
28 104 179 539 629 730
19 277 337 399 545 595 682 778 827 828
185 281 472 487 612 624 644 750 780 808 832
35 50 140 233 326 422 439 485 743 807 828 830
9 52 107 182 399 400 484 490 507 530 584 690 855 860
11 39 48 107 118 197 268 502 520 538 674 756 782 832 924
40 88 148 413 428 439 471 545 547 592 601 693 890 961 970
28 38 48 107 209 231 277 368 464 497 578 594 723 797 806 895 910 987
154 449 472
61 100 404 546 709 782 800 900
21 35 69 85 90 127 209 275 368 371 409 455 521 594 619 717 807 815 818 870 873 902
60 73 93 128 203 419 510 511 527 554 607 613 668 674 705 707 764 798 828
29 62 182 281 429 442 477 506 524 558 622 682 806 820 845 902
21 127 147 152 217 238 241 302 395 410 559 571 611 612 683 753 863 959 978
93 121 125 218 403 497 519 529 531 584 908 929 931
63 152 229 293 344 403 414 478 520 601 629 640 648 675 737 767 822
12 127 192 273 318 387 400 456 480 527 532 670 740 878 884
63 83 246 258 360 432 497 514 575 612 687 743 829 905
137 145 148 306 471 500 558
18 118 140 163 259 371 432 482 490
23 145 160 166 188 353 377 400 432 472 490 521 553 591 649 732
47 63 117 159 171 289 387 405 539 547 583 612 820 823 827 857 908 909 937
169 412 432 443 444 471 688 720 722 838 912 939
168 203 216 336 437 440 461 480 550 683 714 722 753 840 868
14 135 395 460 666 789 828 867
49 61 144 289 306 315 510 607 649 674 798 879 890 902 915 961
62 69 117 146 163 184 274 291 318 387 399 538 546 561 571 601 625 674 709 781 859 905 925 945 955
43 140 163 223 238 293 416 605 750 907 917
63 66 154 166 175 187 231 241 374 378 389 421 423 553 589 592 601 770 827 950
7 35 87 127 172 221 222 260 527 607 746 981
38 102 140 234 318 377 385 427 459 656 809 827 874
0
5 21 87 125 204 279 432 490 767 769 912
9 61 69 74 100 146 209 336 499 545 601 613 687 908 962
9 319 344 384 401 486 519 559 739 840 867 879
12 266 319 397 446 490 553 684 839 892 907
47 51 173 178 238 292 318 321 326 416 456 462 558 652 743 786 826
8 12 17 48 60 62 67 142 154 283 371 423 456 604 610 624 641 744 806 856 904
23 371 399 507 677 694 716 771
43 62 66 139 258 352 395 440 619 649 668 674 682 709 914
71 87 159 430 559 612 705 721 915 963
9 87 124 154 222 259 404 520 558
3 7 18 38 87 116 123 124 185 240 300 374 419 477 481 586 613 773 781 875 883
36 214 369 398 644 686 707 740 888
36 209 283 387 416 435 527 612 775 795 803 826 831
42 78 298 300 399 432 480 501 517 613 703 769 796
20 67 90 112 248 478 497 601 668 686 767 782 789 808 829 855 903
21 63 85 120 123 173 212 218 281 318 326 344 375 452 485 491 501 540 575 578 652 656 764 800 941
42 73 132 168 195 222 298 329 430 480 517 613 761 769 847
8 43 148 248 403 437 470 518 527 571 592 827 905
25 55 62 85 108 119 132 170 344 388 412 446 492 524 586 592 601 674 696 709 733 815 868 931
38 85 119 188 269 274 307 357 374 442 493 561 891
11 51 143 144 229 350 377 521 554 575 601 682 707 908 914
72 142 154 218 334 497 582 584 647 715 744 827 908 960 990 992
33 106 265 293 473 478 521 558 584 595 641 656 720 785 832 903
34 87 88 99 212 221 318 445 548 634 795 827 837 961
83 88 119 221 293 334 378 382 387 399 437 576 667 669 705 784
33 93 109 112 118 182 483 495 586 592 709
214 293 364 374 400 451 501 541 553 575 603 662 673 738 753 780
9 36 377 521 559 598 599 721 800 807
21 29 47 123 154 191 217 238 334 377 571 740 756 903 915
104 319 333 751 781 794
17 33 73 135 140 155 157 172 182 272 850
48 80 87 103 163 190 314 320 325 375 412 480 521 532 669 709 755
63 100 170 178 247 527 589 649
101 127 147 176 188 280 307 377 416 472 625 656
33 66 99 139 221 238 325 368 436 529 608 667 709
8 68 248 271 312 441 502 558 561 666 690 874
20 27 120 197 200 336 428 495 569 570 601 636 664 770 782 800 813 868 903 912 974 981
78 399 493 612 613 703 729 738 925
154 209 234 247 306 309 321 326 374 375 412 463 711 827 902
63 432 686 754 815 942
61 137 289 302 385 477 480 486 510 637 664 813 850
10 12 168 188 291 318 380 402 472 561 743 756 800 889
23 90 155 163 299 306 325 335 364 442 444 528 531 624 828 874 878 946
3 25 41 234 316 374 423 432 439 509 629 718 811 831 858
93 118 179 248 300 336 409 412 427 484 533 545 563 601 769 772 834 871 914 967
90 119 132 147 193 210 248 274 281 318 321 353 399 459 543 558 592 601 656 676 692 722 729 748 764 828 871
11 21 39 100 101 127 222 238 289 309 325 416 480 559 592 665 753
72 93 100 138 241 303 338 348 428 592 628 688 729 824 894 946
148 168 192 440 442 493 553 592 603 683 722 737 740 868 925
14 104 201 470 495 518 578 647 750 756 782 827
95 147 284 330 374 447 555 578 699 709 764 773 802 926
50 104 124 159 240 308 344 353 377 403 444 547 571 675 707 733 797 827 959
169 409 487 507 764 772
36 61 69 129 238 326 374 403 444 549 673 756 852 867
26 123 148 221 222 240 442 456 487 516 572 604 656 709 729 849
167 172 231 277 289 368 412 446 456 518 585 612 707 895 926
114 117 124 132 148 377 432 436 487 545 592 709 790 808 842 890 896 904 925
112 155 224 246 454 525 561 732
21 63 81 173 224 233 293 331 472 501 529 539 553 575 578 674 709 772 809 825 903 908 917 988
39 100 258 391 461 517 570 595 616 658
9 33 106 142 147 209 274 289 336 395 482 592 634 721 812 830 831
20 36 117 198 216 444 532 578 623 629 780 803
55 71 87 140 159 217 221 240 354 430 492 532 559 599 743 797 903 915
243 480 610 689 837 895
154 192 284 293 404 412 432 631 699 820 858 938 964
12 119 291 395 472 528 586 595 612 634 709 807 837 876
15 38 39 258 279 299 319 416 592 604 676 734 797
91 132 155 246 306 324 364 480 500 521 603 618 803 902
38 138 140 163 231 259 371 405 432 470 471 545 604 682 732 753 854 906 973 981
26 38 86 108 220 238 277 314 346 350 357 358 648 800 849 874 896 904
39 63 71 102 248 330 335 405 442 445 549 553 557 592 647 716 828
