42 471 553 644 790
325 397 510 629 656 716
56
321 350 459 524 543 578 592 599
7 46 432 543 819
29 38 39 152 336 412 429 547 553 766
306 388 870 894 902
108 964
80 107 163 304
62 129 437 705
405 420 443 561 566
137 188 214 418 447 837
51 63 86 146 325 374 395 444 571 628 684
840
60 371 387
60 360 557 592 764
8 50 117 753 877
221 624 723 870
99 102 139 194 266
7 35 127 172 221
106
124 155 374 740 806 848 850 988 989
167 497
39 169 214 287 593
106 123 182 601 729 847
107 135 167 589 673
25 123 179 374 414 571 612 773
3 105 201 682 803 806
36 404 416 559 668
47 148 238 278 368 446 544
12 47 471
737
447 456 692 934
21 83 255 803
150 371 425
477 773
7 245 644 733
119 412 490 571 732 744 813 874 903 909
11 137
15 274 283 472 682 776 835
182 281 442 473 506 682 707 820
441 456 487 756 801
144 280
17 335 543 625 778 834 874
416 575
38 310 348 439 583 629
500 613 624
40 42 95 240 532 561 647 648
127 344 537
38 416 559 656 858
52
173 288
148 615 835
9 69 241 300 348 874
36 403 438
185 429
255
18 501 575 709
9 100 103 242 439 829
38
50 281 319 628
127 241 277 456 558 786 826
220
179 444 519 607 613 830 884 925
274 709 807
61 117 173 241 259 439 520 604 662
378 500 592 913
14 194 259 414
93 147 155 472 647 815 835
146 246 306
188 274 353
205 217 284 593
297 344 519
123 646 656
214 300 369 722 735
531 561 599
69 188 447 692 722 893 934
124 255 530 558 837 855 931
204 432
209 320 321 463
36 325 453 523 631 676 778
829 832
14 395 666 828 867
348 705
328 517 648
179 246 322
176 179 360 399 425 559 682 777
238 357 358 874
60 85 318 325 371 387 444 456 666 904 931
69 154 226 416 494 772 829 884
306 360 545 628 653 734
47 476 544 673
118 514 527 623 643 837 859
213 410
21 62 67 87 229 371 592 767 815
124 221 332 484 612 707
17 119 208 764
68 151 300 337 383 429 579 624 682
137 307 492 559 572 707 874 924 934
368 416 438 682
8 628 798
235
570 710
146 316 486
28 107 209 247 578 623 744 806 959
20 27 78 737 813 868 912
56 111 481 729 778
18 81 118 289 357 433 482 490 553
491 648 799
36 48 94 117 423 471 670
119 238 282 368 673
369 398 707 888
7 51 364 486 733 745 753 782
124 154 415 416 690
33 116 238 259 339 347
117 132 205 490 827 868 909 970
214 222 350 414 766 808 827 959
123 281 388 459 467 553 808
48 62 73 154 221 778
125 150 791
87 124 293 316
227 569 732 883
132 145 336 557 673 838
80 112 146 258 316 432
110 395 782
443
6 142 147 399 410 486 579 609 709
43
73 132 191 246 339
136 190 228 258 364
217 259 316 540 806 850 871 892
491 925 934 964
277 477
360 524 753 952
412 432 820 858 925
558 837 962
111 117
17 328 372 430 578 953
203 209 444 813
15 38 319 676 734
127 214 395 404 460 733 772 784 790 912
163 321 676 678
217 222 325 704 744 825
43 70 173 544
160 281 606 790 946
190 387 445 494 631
62 443 507 673
387 425
338 607 631
119 132 521 647
662
409 501 815
300 316
116 170 201 326 357 368 528 538 727
98 217 342 373 437 521 554 707
124 592 601 607 614
26 34 87 416 547 586 599
29 127 219 238 322 391 442 444 527 903
283 707 828
33 221 229 248 261 289 395 398 539 714
63 123 197 527 592 767 770 873 963
80 181 201 209 330 397 946
147 306 439
21 53 63 173 338 459 501
60 124 240 280 410 416
124
144 293 510
120 353 459 611 613 764
39 169 214 287
314
682 709 744
49 649 879 890 902 915
119
33 372 559 585 790 813
5 36 94 253 306 480
461 881
693 737
38 132 258 375
322 472 542 800
112 440 540 668
36 214 524 644 686
38 61 150 220 221 222 289 377 565 673 687 747 828
321 360 821 835 868
14 233 302 377 399 444 634 757
127 238 402 405 832
198
43 291 319 416 500 699 710 911 939
48 213
60 124 209 240 416 441 709 799
209 297 420 687 743 876
372 456 487 652
66 123 300 753 767
100 170 178 247 527 589 649
73 109 112 118 381 586 707 709 710
51 144 318 619 643 662 835 859
8 11 250 291 373 599 747 764 821 901
38 589 610 674 850
132 216 379 518 540
132 442 612 614 829
361 437 480 527 757 889
63
119 354 428 480 764
154 247 306 326
360 404
274 378 511 561 861
153 168 300 592
132 243 416 446 501 620
673 813 877
3 39 86 117 124 552
23 155 299 371 480
235
60 148 405 621 738 770 780 959 988
221 242 412 497 502 578 627 709 721
11 52 197
17 193 399
148 446 485 545 589 595 723
487 733 786
217 300
70 142 221 387 388 412 598 803
89 124 131 231 405 425 676 690
117 340 471 545
14 51 209 222 838
7 168 231 284 553 737 756
67 69
33 59 68 73 157 182 619 656
238 403 607
45 423 463 666 868
84 274 331 486
325
33 570 658
43 63 83 176 634 646 669 707 820
51 412 446 490 670
155 238 282 501
201 222
18 688 867
222 437 442 761 815 874
119 167 246 335 477 495 545 733 902
259 372 595
45 145 437 518 543 544 631 809 837 838 891
69 201 266 495 737
326 403 662 673 756 852
172
15
118 198 518
11 170 430 444 740 909
68 209 233 344 436 455 495
155 169 463
39
78 640 764
27 29 146 193 314 330 571 886
281 575 874
48
71 87 159 217 430 559
100 221 319 385 500 532
23 39 656 832
28 47 397 831
36 137 238 368 380 603 673 820
93 175 182
328 388 561 580
11 21 101 416
108 119 123 241 584 722 894
247 274 414
531 612 729
63 87 272
233 293 472
15 511 723 942
124 416 534
444 522 764 807 959
63 209 491 571
47 53 66 109 399 409 859
604 656 729 849
81 224 529 709
430 487 607 682 729 820
38
123 131 140 159 179 198 283 289 337 442 521 571 652 707 830
42 55 255 291 480 490 659 684 818 850
87 300 883
132 168 222 517 761
67 140 260 657
47 228 240 247 430 480 487 571 778 791
17 60 193 205 424 629 827 839
87 124 131 425
184
315 332 442 707 710
153 463 734
86 204 339 418 795
43 493
17 158 459 684
137 150 444 628 740
87 291 620 628 688 709 747 803
85 167 282 477 733 800
42 155 191 299 318
124 167 266 430 447 456 524 595 601 662 692 934
432 592 747 817 832
226 235 425 439 442 559 797
74 499 613 687 908
28 38 387 549 723
234 413 874
0 29 52 146 335 429
95 495 697
61 192 222 273 423 428 722
179 221 540 571 607 674
25 571 666 686 715 767 813
193 813
356 699 721
36 47 48
432
47 148 542 553
26 56 108 277 293 314 346 521 729 849
47 191 217 334 335 543
291 414 480 539 709 797 910
124 188 306 442 493 628 734
132 138 146 259 335 414
612 624 750
36 209 234 320 321 420 463 711
116 139 220
306 586 613 644 665 778 855
188 321 662 855
119 179 317 353 471 631 707
477 518 544 646 656
195 538
145 351
570 852 859
57 78 124 209 238 493 521 604 722
246 521
11 250 291 373 821 901
15 182 209 463 614 668
132 486 492
142 173 238 277 285 322 360 467 559 601 772 799 831
40 129 259 521 789 893 920
59 357
43 219 318 582
575 628 710
258 575
40 41 146 154 233 539
234 316 517 808 811
138 213 360 536
9 410 628 874
137 374 593 801
89 360 540 570
63 586 722
39 55 402 784 800 838
63 97 111 118 335 360
33 299 357 414 553 930
47 123 335 447 579 743 821
124 140 416 571 750 907
43 62 93 132 258 482 546 595 668 674 707 764
20 107 213 552 570 807 808
51 398 432
826 896
48 198 222 291 416 575
71 437
233 384
95 212 218 318 375 587 679 727 733 740
233 648 678 812
14 416 441 471
287 290 344
246 405
43 55 188 216 387 625
69 300 753 800
119 176 534 931 946
543
36 150
159 166 417 831 860 863
15 319 397 511 553 723 942
127 378 404 456 524 542
8
5 125 230 545
185 293 389 471
87 127 155 207 377 403 518
53 120 353 409 459 611 613
218 432 443 656 756 764 874
146 335 429 592 707 820
6 40 222
77 238
783
11 222 266 459 673 675 800
69 72 437
89 338
39 212 453 467 495 538 558 631 652
577 589 715 861 962
69 436 532 737 782
62 222 442 553 595
111 259 283 356 374 405 752 764 786
332 409 413 879
127 281 553 625 758 808
81 148 178 201 293 472 485
5 132 298 432 477 628 663 808 849 851
49 649 879 890 902 915
285 368 707 769 813
305 395 723
422 542
212 218 375
16 155 336 456 628
11 21 101 416 753 883 892
135 377 482 497 592 682
29 545 571 614 628
399 404
47 148 238 278 368 446 544
11 168 380 571
127 166
38 310 348 439 520 583 629 656 789
154 221 247 306 326 330 459 623 827 877
23 48 330 493 580 592
150 371 558 688 962 988
456 614 666 852 961
56 293 521 729 930
477 604
3 57 86 201 423 806
221 261 322 339 553 732
291 300 430 764
128 592 697 719
38 97 662
127 444 759 832
62 764 891 904 963
78 127 233 255 425 437 778
367 699 820 827
45 430 437 442 518 631 826 838
14 302 377 405 416 444 514 634 878 924
133 531 546 553 733 886
72 160 879 963
154 472 868
11 52 197 924 961
291 318 402 743
39 545
99 102 139 194 266
3 50 147 209 238 336 765
289 377 477 553 809
86
182 281 318 399 437 729
39 51 398 416 432
185 233 336 595
85 399 444 553
14 51 209 222 838
60 87 123 127 221 259 375 402 445 459 485 527 704
87
371 437 444 521 541 679 780 833 859 863 961
111 481 778
221
119 281 374 387 471 526 531 545 876 881
150
303 399 453 640 732 903
187 571 642 656 657
50 104 319 781 828
33 132 233 474 733
52 107 221 380 415 799 960
348 705
71 374 809
209 297 687 876
108 259 584 665
490 553 559
17 93 176 238 280 293 699 737 855
43 130 592 813
290 398 671 682 707
376 472 542
127 238 320 324 509 524 902
80 181 201 209 330 397 946
69 148 217 481
145
116 647 772 785 873 899
47 403 414 437 764
338 346 371
150 233 416 465 624 718 800
107 575 603 674 707 837 852
139 299
25 140 277 291 331 541 614 720
442 713
26 121 300 409 601 621 772 834 871
183 306 368 399
231 338 403 516 613 677 721 854
61 62 146
333 338 521 592
572 679 783 806 835
39 219 327 466 527 531 732
203 234 628
221 350 377 583 623
169 409 487 507
13 59 132 212 461 660 827
8
71 87 159 217 350 430 559 828 878
289
229 300 482 514
74 83 709
274 592 709 807
76 81 377 837 874 902
21 169 266
464 539 656 731
180 344
39 67 69 261 374 439 668 707 767 837 902
246 316 631 707
127 344 347 586
109 188 274 353 397 628
168 197 404 420 589
3 260 281 283 339 377 577 619 990
117 133 378 620
160 289 656
52 221 799 960
283 412 425
94 521 773 949
38 190 405 650
238 346
80 472 732 737 833
7 26 118 240 549 874 903
23 484 709 874 904 905 908
261
69 444 447
274 603 722
9 325 374 631 737
166 281 289 303
279
209 358 599 806 871
263 481 592 710 798
238 629 658 773 781 807
530 716
5 299 307 472 722
159 248 538 578 592 709
212 218 238 375 400 764 903
592 741 925
174 707 814 832 877
29 302 417 480 664
36 414 459 509 670 798 853 863 870
283 371 500 799
3 248
246 316
138 242 624 629
27 91 127 150 424 584
33 34 69 117 538 656
135 805
195 209 432 553
93 300 316
342 373 437
87 334 415 472 507 808 832 837
366 553 634 682
195 209 432 465 540 553 612 629 773 827
7 55 368 437 756
189 377
69 193 414 471 666 875
167 186 542 589 603 623 820 891
412 419
321
40 413 471 545 547 954
22 62 567 666 673
35 145 185 205 291 368 416 509 886
87 395 443 444 587
83 221 595 612 707
101 387 625 806
107 124 163 241 881
155 169 463 502 530
334 599 752 756 902
132 300 874
48 520 558 752
124 465 644 738
314 521
306 319 486 790
53 219 255 293 300 571 599 682 894
127 167 189 534
423 437
47 66 109 399
20 27 51 87 132 321 404 472 543 592 868 871
18 71 118 131 185 404 482 490 553 652
138 154 486 601 604
28 124 492 527 598 600 728 800
124 188 699 891
67 191 647 753 756
289 332 378 409 413 669 879
112 154 353
48 299 497 797 910
15 47 138 154 209 314 338
40 240 292 316 364 858
572 709
445 482 615 767 886
901
117 395 558 699
99 118 353 402 478 601 767 807 908
35 603 623 706 795
48 341 457 480 559 566 669 691 852
319 612 789
12 17 85 316 446 500 574
52 81 144 274 729 735
222 527 613 746
148 330 366 584 629 658
510
114 432 487 545 607 709 868 892
52 402 453 673
123 353 800 832
8 148 344 437
247 516
14 63 778
24 326 327 331 463
48 224 356 601 736
25 127 538 606
151 222 375 570 631 676 832 859
107 521 540
109 154 568 849
163 242 442 780
148 395 538 838
38 73 247 318 402 442 575 628 815 837
85 106 167 607
197 482
69 395 473 510 692
444 482 721 811 844 871
418 448 571
153 168 344 553 898
7 471 559
135 516 764
595 623 682
61 117 147 188 629
209 377 669
183 444 480 666 800
69 219 255 293 682 692 820 894
5 224 490 557 807
187 241 546
425 553 657 879
120 336 428
11 72 266 277 585 682 778
152 173 360 429 647 676 863
85 263 537 550 664 696 959
112 116 360
42 212
430
85 117 504 592 644 652 721
325 444
62 339 404 431 442 575 784
11 81 486 527 742
17 158 459 684
50 108 212 319 388 439 484 495 699 874 902 903
86 318 485 704 707
140 148 293 436 543
140 159 179 198 283 289 521 571
141
51 63 89 306 316 337 523 546 579 733 903 924
188 453 529 531 554 894
47 169 191 217 334 409 487 507 930
179 519 607
266 569 670
140 159 179 198 283 289 521 571
540
3 433 493 595 647
160 219 222 248 377
124 255 530 558 719 837 855 931
66 140 221 523
35 198
221 487
3 87 551 631 752 756 767 925
38 252 364
21 83 255 803
72 172 191
154 381 425 649 724 875
204 339 418
83 104 311 360 425 656
91 437 543 553 561 647 675 682 800
378 404 456
137 319 480 539 553 973
14 67 183 216 399 444 480 628 666 800 803 809 813
221 258 416 544 569
116 150 171 405 523 662 724 782 806 808 876
11 36 300 674 802
98 205 221 275 536 553
87 109 221 248
8 463 675 806
39 51 398 416 432
474
116 123 612 729 738
599
26 607 627 733 794 903
188 374 400 460 565 627 644 677
0 142 360 545 623 631 653 756 877
490 584 855 860
36 47 214 221 233 375
144 216 279 374 516 699
130 215 963
397
87 137 480 879
36 409 555 904
444 522 764 807 959
38 325 395 439 902
28 59 284 316 357 403 546 636 673 729
11 154 351 432
71 205 274 404 482 688 800
102 243 449 456 543 656 660
104 238 395
152 274 545
14 325 401 707 764
300 342
396 612 772
81 170 622 707 946
338 445
38 43 430 673
471 530 546 603
231 277 368
36 73 155 322 359 670
361 723 780
860
38 190 405 432 650
63 360 501 545 653 721
715
112 160 170 516 536 542 615 627 667 753 801
11 61 209 299 359 364 552 566 624 628 798
46 146 353 466 533 707 845
140 163 259 278 293 371
12 61 117 147 188 472 501 629 648 744
233 287 377 415 559
209
55 170 545 667 884
111 259 752
87 101 274 486 806
169 471 601 607
456 558
14 219 416 441 471
38 73 287 402 442 502 628 837
123 148 150 381 414 439 934
521 717 815
198
24 43 274 371 419 717
0 7 314 409 575
330 604 776 784 806
257 273 336 622
61 410 488 557
231 277 368 709 895
38 173 601 867
350 648 664
127 147 418
178 374
11 42 314 318 405 460 592
416
5 40 293
147 586 778 855 885
20 27 184 399 729 813 868 912
124 412 478 511 628 925
145 150 444 547 682
1 47 90 222 402
11 23 231 487 501 553 612 669 720 955
364 387 559
155 162 322 339 722
183 306 368 399 459
35 219 248 377
17 92 119 322 371 592 622 764 782
127 289 625 758
234 387 507 509 668
395 443 587 807
147 188 280 307 416
38 71 189 371 374 405 668
5 21 125 204 279 432 490 767
29 40 106 274 346 709
439 597 628 744 772
83 106 248 325
146 300 371 520 807
47 476 544 673 740
57 339 420 500 559 613 624 707
14 20 47 255 346 455 482 487 555 666 795 803 934
40 51 146 412 446 490 520 670 773 902
137 283 289 713 752 824
123 289 500 565 851
138 154 209 233 293 314 338 472
747
238 320 324 509 524
14 73 213 266 372 481 592
125 205 259 272 674
169 266 382 487
209 336 395 592
36 49 487 546 558 590 592 647 870 909
125 127 131 145 208 530 722 744
167 283 289 518 707
553 722 780
217 490 709
49 592
139 160 311 460 522
169 807
216 260 420
319 484 495 699 874
132 322 432 877
3 104 284
26 93 100 121 145 603 669 670 751
219 369 648 776
261 300 472 509 538 586 622 828 907 953 959
43 63 335 619 666
119 351 367 377 405 571
50 536 547
69 545 710
253 319 439
139 490 800 904
9 53 446 488
61 214 420 486
127 733 772 784 790
33 117 504 570 616 644 652 658 721 852
63 242 266 471 837 884 904 952
14 324 539 570 571
81 246 629
48 246 369 594
14 81
261 571 586 613 828
3 86 423 446
3 147 188 260 280 307 416 577 619
222 634 667
348 705 724
571 690
418 673
17 89 193 300 318 399 616 913
709 753 805
219 375
11 15 38 81 146 319 416 639 676 734 769 827
83 221 363 576 624
188 257 289 402 411 592
7 14 39 143 221 246 364 405 563 709 748 852
138 387 447
300 753 800
202 395 781 909
284 293 631
182 388 577 595 709 811
88 222 342 374 396 405 435 490 721 907
222 375 631
186 188 216 486 571
29 87 155
143 418 544 586 636 778 868
432 613 631
21 63 173 330 501 575 578 592 647 716 809
699 806
132 155 208 318 321 473 521 545 561
154 425 877
78 127 233 255 425 437 778
71 87 159 217 430
48 217 521 554
293 473 478 584 595
594 617
63 140 412 722 757
102 140 318 377 385 827
63 159 257 293 444
219 220 486 817
89 571 673 938
89 129 592 729 776 858 874 893
130 234 360 536 623
173 806
26 318 377 403 456 540 553 679
38 85 605 662
29 127 328 442 474 795 871
912 966
12 319 415 512 553 558 579
628
19 81 215 529 709 790 894
71 146 494 601 690
445 553 555
36 409 501 815
61 67
66 405 432 767 799 808
15 512 542
195 374 385 399 709
42 73 193 558 619
291
90 709 782 808
604
8 100 342 373 437 707 782
336 403 546 562 673 800 821
248 389
53 93 257 338 459 637 832
348 357 790
241 767
67 243 527 689 829 959
69 303 344 519 604
43 67 147 155 266 647 767 815
553 634 682 852
219
21 33 238 283 293 456 683 783 863
66 139 179 418
491 925 934 964
53 93 338
158 459 465 606 684
190 209 471
238 374 382
283 699 806
40 112 247 604 660 808
147
81 169 325 358
123 289 500 534 708 817 851
85 124 153 224 771 873 929 987
16 17 182 446 486 706 764 884 892 921
216 289 306 444 815
29 545 571 614 628
0 86 95 140 149 160 238 371 444 892 938
100 423 531 595 622 673 782 849 909
214 287
137 837
11 20 99 123 135 208 460 478 601 668 767
83 274 303 540 619
93
797
271 286
464 505 601 656
442 782 818
143 714
478 706
3 433 493 595 647
159 538 709 781
68 209 233 344 436 455 495 607
71 283 437
52 78 416 538 640 669 764 778
124 147 186 209 259 481 710 925
48 67 553 723 782 813 827 873
442 827 836
212 218 375
204 210 439 907
432
416 555 561
67 108 119 331 611
81 286 304
238 283 293 753
81
123 246 368 619
43 188 216 387
234 325 377
9 85 559 716 981
108 171 214 351 573 756
83 124 148 624 676 870
176
38 102 233 327 595 681 729 738
104 223 516 625 709
331 336 457 545 673 760 849
39 432 852 911
68 191 493 624
5 412 472
85 395 592 722 873 912 929 987
246 527 624 807 868 973
67 710
222 375 437 599 631 721 832 876
21 90 235 344 565 782
155 335 544
155 224 525 561
5 125 137 230 545
159 538 624 709 750 781
39 207 432 557 577 803 852
40 592 631 639 645 690
36 712 806 858 864
311 418 619 709 780 924
85 238 439 456 485 490 673 723
43
306 870 894
38 461 553
360 444 580 629
93 527 668 707
81 135 163 375 487 524 656 661 738
29 71 484
236 326
132 217 387
85 404
87 99 212 594
518 544 646
63 730 805 855
198 221 227 571
62 764 904 963
38 76 255 327 547
303 399 453 640 732 903
599 668 709
34 47 127 159 203 235
127 202 339 829
154 328 531 752 783 850
430 487 607 682 820
120
62 138 217 668 711 826
68 209 233 344 436 455 486 495 607
49 360 368 403 808
61 410 488 557
89 592 628 733
22 35 62 198
25 140 440 495 614 644
117 558 699
131 337 442 707 830
19 55 416 620 874
43 601 715
164 330
147 344 387
8 163 321 453 472
127 147 402 539 930 966
38 86 127 439 502 656 756
137 140 176 209 314 322 424 540 566 571 598 647 767
323 445 822 871
209 336 395 592
86 149 723 892
63 176 471 603 656
4 170 388 660 707 973
39 51 398 416 432
180
214
100 127 166 357
36 283 699 806
73 77 183 188 316 543 595
161 318 761 795
289 293 440 513
95
125 127 131 145 208 530
116 319 375 598
3 69 390 490 585
647 815
69 483 575 697 733
69 517 601
33 235 423 606
51 292 318 321 652
179 521 530 716 764
190 205 238 374 377 486 504 820
123 399
36 80 119 453
290 371 546
